Linear:
th0: -6.39488462e-13
th1: -1583.23388368
th2: 2132.41855595
0 = th0 + th1*x1 + th2*x2

Quadratic:
alpha: 732.4860492149537
beta: 2628.263754289864
gamma: 2628.263754289864
delta: -3310.726093574279
varphi: -889.3876459106673
pi: 1250.3198407196242
b: 67.57372394371048
0 = b-alpha*x_1^2-(gamma+beta)x_1x_2-delta*x_2^2+2varphi*x_1+2pi*x_2
